      0/99        0G    0.1331   0.05059         0    0.1837        39       640         0         0 0.0008976  0.000138    0.1294   0.04299         0
      1/99        0G    0.1263    0.0462         0    0.1725        44       640         0         0  0.004969 0.0005806    0.1223   0.03726         0
      2/99        0G    0.1215   0.04389         0    0.1654        50       640         0         0  0.003743  0.000481    0.1173   0.03292         0
      3/99        0G    0.1173   0.04271         0      0.16        58       640         0         0  0.009426   0.00175    0.1116   0.03071         0
      4/99        0G    0.1133   0.04024         0    0.1535        30       640         0         0     0.016  0.002427    0.1075    0.0296         0
      5/99        0G    0.1098   0.04165         0    0.1515        42       640         0         0   0.02439  0.004315    0.1046   0.02869         0
      6/99        0G    0.1062   0.04014         0    0.1463        34       640         0         0   0.03461  0.006394    0.1018   0.02841         0
      7/99        0G    0.1002   0.04294         0    0.1431        38       640         0         0    0.1357   0.03445    0.1014   0.02698         0
      8/99        0G    0.0986   0.03885         0    0.1374        45       640    0.7889    0.1333    0.4084     0.159    0.1006   0.02562         0
      9/99        0G   0.09701   0.03991         0    0.1369        52       640    0.1759    0.6333    0.4555    0.1865   0.09885   0.02453         0
     10/99        0G   0.09291   0.03907         0     0.132        55       640     0.109    0.7667    0.4821    0.1733    0.0969   0.02534         0
